test_loss_metric1 : 0.13727927207946777 
 test_loss_metric2 : 0.021375421434640884 
 test_loss_metric3 : 0.11400428414344788
