test_loss_metric1 : 0.2501876652240753 
 test_loss_metric2 : 0.06266319751739502 
 test_loss_metric3 : 0.25005215406417847
