test_loss_metric1 : 0.11795658618211746 
 test_loss_metric2 : 0.014188501052558422 
 test_loss_metric3 : 0.11784793436527252
