test_loss_metric1 : 0.03680942952632904 
 test_loss_metric2 : 0.0034043467603623867 
 test_loss_metric3 : 0.025123946368694305
