test_loss_metric1 : 0.4933323860168457 
 test_loss_metric2 : 0.24403798580169678 
 test_loss_metric3 : 0.3644697070121765
