test_loss_metric1 : 0.780271053314209 
 test_loss_metric2 : 0.615429699420929 
 test_loss_metric3 : 0.5111061334609985
