test_loss_metric1 : 0.4203988015651703 
 test_loss_metric2 : 0.1812799870967865 
 test_loss_metric3 : 0.2822447121143341
