test_loss_metric1 : 0.22559651732444763 
 test_loss_metric2 : 0.051195308566093445 
 test_loss_metric3 : 0.22513921558856964
