test_loss_metric1 : 0.9536756873130798 
 test_loss_metric2 : 0.9652391672134399 
 test_loss_metric3 : 0.47987180948257446
