test_loss_metric1 : 0.39083173871040344 
 test_loss_metric2 : 0.15387873351573944 
 test_loss_metric3 : 0.2715257406234741
