test_loss_metric1 : 1.1484718322753906 
 test_loss_metric2 : 1.3537583351135254 
 test_loss_metric3 : 0.5116046667098999
