test_loss_metric : 0.36748674511909485 
 test_loss_metric2 : 0.1353614330291748 
 test_loss_metric3 : 0.36788442730903625
