test_loss_metric : 0.0870971828699112 
 test_loss_metric2 : 0.007643810473382473 
 test_loss_metric3 : 0.08704257756471634
