test_loss_metric1 : 0.3609483242034912 
 test_loss_metric2 : 0.1520928293466568 
 test_loss_metric3 : 0.2018224596977234
