test_loss_metric1 : 0.08034296333789825 
 test_loss_metric2 : 0.006492916028946638 
 test_loss_metric3 : 0.08036424219608307
