test_loss_metric1 : 0.801609456539154 
 test_loss_metric2 : 0.6459662914276123 
 test_loss_metric3 : 0.5070151090621948
