test_loss_metric : 0.3140068054199219 
 test_loss_metric2 : 0.09893160313367844 
 test_loss_metric3 : 0.31396812200546265
