test_loss_metric1 : 0.1879260540008545 
 test_loss_metric2 : 0.04300456866621971 
 test_loss_metric3 : 0.11643441021442413
