test_loss_metric1 : 0.14772950112819672 
 test_loss_metric2 : 0.02206047996878624 
 test_loss_metric3 : 0.147907555103302
