test_loss_metric1 : 0.01956445723772049 
 test_loss_metric2 : 0.0013986151898279786 
 test_loss_metric3 : 0.013490146026015282
